# cmd=/home/david/dev/mricom/bin/blockstim args=design,trig Mricom v0.1
# timestamp=2020-07-05 19:21:24.264657

% BLOCKSTIM SETTINGS
start_delay=0.000000
on_time=10.000000
off_time=0.000000
ttl_usecw=30
ttl_freq=10.000000
n_blocks=1

% TIMING
start=2020-07-05 19:21:24.264657
action=2020-07-05 19:21:24.268289
stop=2020-07-05 19:21:34.168431
