# cmd=/home/david/dev/mricom/bin/blockstim args=design,trig Mricom v0.1
# timestamp=2020-06-19 20:54:40.544703

% BLOCKSTIM SETTINGS
start_delay=0.000000
on_time=10.000000
off_time=0.000000
ttl_usecw=30
ttl_freq=10.000000
n_blocks=1

% TIMING
start=2020-06-19 20:54:40.544703
action=2020-06-19 20:54:40.545087
stop=2020-06-19 20:54:50.445257
