# cmd=./analogdaq args=NULL Mricom v0.1
# timestamp=2020-05-06 21:04:09.509078

% ANALOGDAQ_SETTINGS
subdev=0
naichan=3
aref=2
sampling_rate=200
precision=3
refresh_rate_usec=5000

% CMD_SETTINGS

% TIMING
start=2020-05-06 21:04:09.509078
action=2020-05-06 21:04:09.509373
stop=2020-05-06 21:04:14.511915
