# cmd=./blockstim args=design,test Mricom v0.1
# timestamp=2020-05-07 18:41:35.317709

% BLOCKSTIM SETTINGS
device= Ì+—I
start_delay=0.000000
on_time=10.000000
off_time=0.000000
ttl_usecw=30
ttl_freq=10.000000
n_blocks=1

% TIMING
start=2020-05-07 18:41:35.317709
action=2020-05-07 18:41:35.317815
stop=2020-05-07 18:41:45.217938
