# cmd=/home/david/dev/mricom/bin/blockstim args=design,trig Mricom v0.1
# timestamp=2020-06-09 21:36:30.272393

% BLOCKSTIM SETTINGS
start_delay=0.000000
on_time=10.000000
off_time=0.000000
ttl_usecw=30
ttl_freq=10.000000
n_blocks=1

% TIMING
start=2020-06-09 21:36:30.272393
action=2020-06-09 21:36:30.273101
stop=2020-06-09 21:36:40.173254
