# cmd=./bin/blockstim args=design,test Mricom v0.1
# timestamp=2020-08-06 14:43:34.028553

% BLOCKSTIM SETTINGS
start_delay=0.000000
on_time=10.000000
off_time=0.000000
ttl_usecw=30
ttl_freq=10.000000
n_blocks=1

% TIMING
start=2020-08-06 14:43:34.028553
action=2020-08-06 14:43:34.029187
stop=2020-08-06 14:43:43.929372
