action=2020-08-05 20:27:42.130275
stop=2020-08-05 20:27:52.030407
