action=2020-06-21 17:35:42.690920
stop=2020-06-21 17:35:52.591087
