action=2020-06-17 21:20:47.086033
stop=2020-06-17 21:20:56.986202
