action=2020-07-05 17:11:31.479893
stop=2020-07-05 17:11:41.380027
